0.01	0	0	0	0.1	-0.001	0
0.02	0	0	0	0.09998	-0.002	0
0.03	0	0	0	0.09996	-0.0029996	0
0.04	0	0	0	0.09992	-0.0039992	0
0.05	0	0	0	0.09988	-0.004998	0
0.06	0	0	0	0.09982	-0.0059968	0
0.07	0	0	0	0.0997601	-0.0069944	0
0.08	0	0	0	0.0996802	-0.007992	0
0.09	0	0	0	0.0996002	-0.008988	0
0.1	0	0	0	0.0995004	-0.00998401	0
0.11	0	0	0	0.0994006	-0.010978	0
0.12	0	0	0	0.0992808	-0.011972	0
0.13	0	0	0	0.0991611	-0.0129636	0
0.14	0	0	0	0.0990216	-0.0139552	0
0.15	0	0	0	0.098882	-0.0149441	0
0.16	0	0	0	0.0987227	-0.0159329	0
0.17	0	0	0	0.0985634	-0.0169185	0
0.18	0	0	0	0.0983843	-0.0179041	0
0.19	0	0	0	0.0982053	-0.0188862	0
0.2	0	0	0	0.0980066	-0.0198683	0
0.21	0	0	0	0.0978079	-0.0208463	0
0.22	0	0	0	0.0975897	-0.0218244	0
0.23	0	0	0	0.0973714	-0.0227981	0
0.24	0	0	0	0.0971337	-0.0237718	0
0.25	0	0	0	0.096896	-0.0247408	0
0.26	0	0	0	0.0966389	-0.0257098	0
0.27	0	0	0	0.0963818	-0.0266736	0
0.28	0	0	0	0.0961054	-0.0276374	0
0.29	0	0	0	0.095829	-0.0285957	0
0.3	0	0	0	0.0955335	-0.029554	0
0.31	0	0	0	0.095238	-0.0305064	0
0.32	0	0	0	0.0949234	-0.0314587	0
0.33	0	0	0	0.0946088	-0.0324048	0
0.34	0	0	0	0.0942753	-0.0333509	0
0.35	0	0	0	0.0939418	-0.0342903	0
0.36	0	0	0	0.0935895	-0.0352297	0
0.37	0	0	0	0.0932372	-0.0361621	0
0.38	0	0	0	0.0928662	-0.0370945	0
0.39	0	0	0	0.0924953	-0.0380194	0
0.4	0	0	0	0.0921058	-0.0389444	0
0.41	0	0	0	0.0917164	-0.0398616	0
0.42	0	0	0	0.0913086	-0.0407787	0
0.43	0	0	0	0.0909008	-0.0416877	0
0.44	0	0	0	0.0904749	-0.0425967	0
0.45	0	0	0	0.0900489	-0.0434972	0
0.46	0	0	0	0.0896049	-0.0443977	0
0.47	0	0	0	0.0891609	-0.0452893	0
0.48	0	0	0	0.0886991	-0.0461809	0
0.49	0	0	0	0.0882373	-0.0470633	0
0.5	0	0	0	0.0877579	-0.0479457	0
0.51	0	0	0	0.0872784	-0.0488185	0
0.52	0	0	0	0.0867815	-0.0496913	0
0.53	0	0	0	0.0862846	-0.0505541	0
0.54	0	0	0	0.0857704	-0.0514169	0
0.55	0	0	0	0.0852562	-0.0522695	0
0.56	0	0	0	0.084725	-0.0531221	0
0.57	0	0	0	0.0841938	-0.053964	0
0.58	0	0	0	0.0836457	-0.0548059	0
0.59	0	0	0	0.0830977	-0.0556369	0
0.6	0	0	0	0.082533	-0.0564679	0
0.61	0	0	0	0.0819683	-0.0572876	0
0.62	0	0	0	0.0813872	-0.0581073	0
0.63	0	0	0	0.0808062	-0.0589153	0
0.64	0	0	0	0.0802089	-0.0597234	0
0.65	0	0	0	0.0796117	-0.0605195	0
0.66	0	0	0	0.0789985	-0.0613156	0
0.67	0	0	0	0.0783854	-0.0620995	0
0.68	0	0	0	0.0777566	-0.0628833	0
0.69	0	0	0	0.0771277	-0.0636546	0
0.7	0	0	0	0.0764835	-0.0644259	0
0.71	0	0	0	0.0758392	-0.0651843	0
0.72	0	0	0	0.0751798	-0.0659427	0
0.73	0	0	0	0.0745204	-0.0666879	0
0.74	0	0	0	0.073846	-0.0674331	0
0.75	0	0	0	0.0731717	-0.0681648	0
0.76	0	0	0	0.0724827	-0.0688965	0
0.77	0	0	0	0.0717938	-0.0696144	0
0.78	0	0	0	0.0710904	-0.0703324	0
0.79	0	0	0	0.0703871	-0.0710363	0
0.8	0	0	0	0.0696697	-0.0717401	0
0.81	0	0	0	0.0689523	-0.0724296	0
0.82	0	0	0	0.0682211	-0.0731192	0
0.83	0	0	0	0.0674899	-0.0737941	0
0.84	0	0	0	0.0667452	-0.074469	0
0.85	0	0	0	0.0660006	-0.075129	0
0.86	0	0	0	0.0652427	-0.075789	0
0.87	0	0	0	0.0644848	-0.0764338	0
0.88	0	0	0	0.063714	-0.0770787	0
0.89	0	0	0	0.0629432	-0.0777081	0
0.9	0	0	0	0.0621598	-0.0783375	0
0.91	0	0	0	0.0613764	-0.0789513	0
0.92	0	0	0	0.0605808	-0.0795651	0
0.93	0	0	0	0.0597851	-0.0801629	0
0.94	0	0	0	0.0589775	-0.0807608	0
0.95	0	0	0	0.0581699	-0.0813425	0
0.96	0	0	0	0.0573507	-0.0819242	0
0.97	0	0	0	0.0565314	-0.0824895	0
0.98	0	0	0	0.0557009	-0.0830548	0
0.99	0	0	0	0.0548704	-0.0836035	0
1	0	0	0	0.0540288	-0.0841522	0
1.01	0	0	0	0.0531873	-0.0846841	0
1.02	0	0	0	0.0523351	-0.085216	0
1.03	0	0	0	0.051483	-0.0857308	0
1.04	0	0	0	0.0506205	-0.0862456	0
1.05	0	0	0	0.0497581	-0.0867432	0
1.06	0	0	0	0.0488857	-0.0872408	0
1.07	0	0	0	0.0480133	-0.0877209	0
1.08	0	0	0	0.0471312	-0.088201	0
1.09	0	0	0	0.0462492	-0.0886635	0
1.1	0	0	0	0.045358	-0.089126	0
1.11	0	0	0	0.0444667	-0.0895707	0
1.12	0	0	0	0.0435666	-0.0900154	0
1.13	0	0	0	0.0426664	-0.090442	0
1.14	0	0	0	0.0417577	-0.0908687	0
1.15	0	0	0	0.040849	-0.0912772	0
1.16	0	0	0	0.0399322	-0.0916857	0
1.17	0	0	0	0.0390153	-0.0920758	0
1.18	0	0	0	0.0380907	-0.092466	0
1.19	0	0	0	0.037166	-0.0928376	0
1.2	0	0	0	0.0362339	-0.0932093	0
1.21	0	0	0	0.0353018	-0.0935623	0
1.22	0	0	0	0.0343627	-0.0939153	0
1.23	0	0	0	0.0334235	-0.0942496	0
1.24	0	0	0	0.0324777	-0.0945838	0
1.25	0	0	0	0.0315318	-0.0948991	0
1.26	0	0	0	0.0305797	-0.0952144	0
1.27	0	0	0	0.0296275	-0.0955107	0
1.28	0	0	0	0.0286695	-0.095807	0
1.29	0	0	0	0.0277114	-0.0960841	0
1.3	0	0	0	0.0267478	-0.0963612	0
1.31	0	0	0	0.0257842	-0.0966191	0
1.32	0	0	0	0.0248154	-0.0968769	0
1.33	0	0	0	0.0238466	-0.0971154	0
1.34	0	0	0	0.0228731	-0.0973538	0
1.35	0	0	0	0.0218996	-0.0975728	0
1.36	0	0	0	0.0209216	-0.0977918	0
1.37	0	0	0	0.0199437	-0.0979913	0
1.38	0	0	0	0.0189618	-0.0981907	0
1.39	0	0	0	0.0179799	-0.0983705	0
1.4	0	0	0	0.0169944	-0.0985503	0
1.41	0	0	0	0.0160089	-0.0987104	0
1.42	0	0	0	0.0150202	-0.0988705	0
1.43	0	0	0	0.0140315	-0.0990108	0
1.44	0	0	0	0.01304	-0.0991511	0
1.45	0	0	0	0.0120485	-0.0992716	0
1.46	0	0	0	0.0110546	-0.0993921	0
1.47	0	0	0	0.0100606	-0.0994927	0
1.48	0	0	0	0.00906471	-0.0995933	0
1.49	0	0	0	0.00806877	-0.099674	0
1.5	0	0	0	0.00707123	-0.0997547	0
1.51	0	0	0	0.00607368	-0.0998154	0
1.52	0	0	0	0.00507492	-0.0998761	0
1.53	0	0	0	0.00407616	-0.0999169	0
1.54	0	0	0	0.00307658	-0.0999577	0
1.55	0	0	0	0.002077	-0.0999784	0
1.56	0	0	0	0.00107701	-0.0999992	0
1.57	0	0	0	7.70197e-05	-0.1	0
1.58	0	0	0	-0.000922988	-0.100001	0
1.59	0	0	0	-0.001923	-0.0999815	0
1.6	0	0	0	-0.00292262	-0.0999623	0
1.61	0	0	0	-0.00392224	-0.0999231	0
1.62	0	0	0	-0.00492108	-0.0998838	0
1.63	0	0	0	-0.00591992	-0.0998246	0
1.64	0	0	0	-0.00691757	-0.0997654	0
1.65	0	0	0	-0.00791523	-0.0996863	0
1.66	0	0	0	-0.0089113	-0.0996071	0
1.67	0	0	0	-0.00990737	-0.0995081	0
1.68	0	0	0	-0.0109015	-0.099409	0
1.69	0	0	0	-0.0118955	-0.09929	0
1.7	0	0	0	-0.0128873	-0.0991711	0
1.71	0	0	0	-0.013879	-0.0990323	0
1.72	0	0	0	-0.0148679	-0.0988935	0
1.73	0	0	0	-0.0158568	-0.0987349	0
1.74	0	0	0	-0.0168426	-0.0985764	0
1.75	0	0	0	-0.0178284	-0.0983981	0
1.76	0	0	0	-0.0188106	-0.0982198	0
1.77	0	0	0	-0.0197928	-0.0980219	0
1.78	0	0	0	-0.020771	-0.0978239	0
1.79	0	0	0	-0.0217492	-0.0976064	0
1.8	0	0	0	-0.0227231	-0.097389	0
1.81	0	0	0	-0.023697	-0.097152	0
1.82	0	0	0	-0.0246662	-0.096915	0
1.83	0	0	0	-0.0256353	-0.0966587	0
1.84	0	0	0	-0.0265993	-0.0964023	0
1.85	0	0	0	-0.0275634	-0.0961267	0
1.86	0	0	0	-0.0285219	-0.095851	0
1.87	0	0	0	-0.0294804	-0.0955562	0
1.88	0	0	0	-0.030433	-0.0952614	0
1.89	0	0	0	-0.0313856	-0.0949476	0
1.9	0	0	0	-0.032332	-0.0946337	0
1.91	0	0	0	-0.0332783	-0.0943009	0
1.92	0	0	0	-0.034218	-0.0939682	0
1.93	0	0	0	-0.0351577	-0.0936166	0
1.94	0	0	0	-0.0360903	-0.093265	0
1.95	0	0	0	-0.037023	-0.0928948	0
1.96	0	0	0	-0.0379482	-0.0925245	0
1.97	0	0	0	-0.0388734	-0.0921358	0
1.98	0	0	0	-0.0397909	-0.0917471	0
1.99	0	0	0	-0.0407084	-0.09134	0
2	0	0	0	-0.0416177	-0.0909329	0
2.01	0	0	0	-0.042527	-0.0905076	0
2.02	0	0	0	-0.0434279	-0.0900824	0
2.03	0	0	0	-0.0443287	-0.0896391	0
2.04	0	0	0	-0.0452206	-0.0891958	0
2.05	0	0	0	-0.0461126	-0.0887347	0
2.06	0	0	0	-0.0469953	-0.0882735	0
2.07	0	0	0	-0.0478781	-0.0877948	0
2.08	0	0	0	-0.0487512	-0.087316	0
2.09	0	0	0	-0.0496244	-0.0868197	0
2.1	0	0	0	-0.0504876	-0.0863235	0
2.11	0	0	0	-0.0513509	-0.08581	0
2.12	0	0	0	-0.0522038	-0.0852965	0
2.13	0	0	0	-0.0530568	-0.0847659	0
2.14	0	0	0	-0.0538991	-0.0842353	0
2.15	0	0	0	-0.0547415	-0.0836879	0
2.16	0	0	0	-0.0555729	-0.0831405	0
2.17	0	0	0	-0.0564043	-0.0825765	0
2.18	0	0	0	-0.0572244	-0.0820124	0
2.19	0	0	0	-0.0580446	-0.081432	0
2.2	0	0	0	-0.0588531	-0.0808515	0
2.21	0	0	0	-0.0596616	-0.0802549	0
2.22	0	0	0	-0.0604582	-0.0796583	0
2.23	0	0	0	-0.0612548	-0.0790457	0
2.24	0	0	0	-0.0620391	-0.0784332	0
2.25	0	0	0	-0.0628234	-0.077805	0
2.26	0	0	0	-0.0635952	-0.0771767	0
2.27	0	0	0	-0.064367	-0.0765331	0
2.28	0	0	0	-0.0651258	-0.0758894	0
2.29	0	0	0	-0.0658847	-0.0752305	0
2.3	0	0	0	-0.0666305	-0.0745717	0
2.31	0	0	0	-0.0673762	-0.0738979	0
2.32	0	0	0	-0.0681084	-0.0732242	0
2.33	0	0	0	-0.0688407	-0.0725358	0
2.34	0	0	0	-0.0695591	-0.0718474	0
2.35	0	0	0	-0.0702776	-0.0711446	0
2.36	0	0	0	-0.070982	-0.0704418	0
2.37	0	0	0	-0.0716864	-0.0697249	0
2.38	0	0	0	-0.0723765	-0.0690081	0
2.39	0	0	0	-0.0730666	-0.0682774	0
2.4	0	0	0	-0.0737421	-0.0675467	0
2.41	0	0	0	-0.0744175	-0.0668026	0
2.42	0	0	0	-0.0750781	-0.0660584	0
2.43	0	0	0	-0.0757387	-0.065301	0
2.44	0	0	0	-0.0763841	-0.0645436	0
2.45	0	0	0	-0.0770296	-0.0637733	0
2.46	0	0	0	-0.0776596	-0.063003	0
2.47	0	0	0	-0.0782896	-0.0622201	0
2.48	0	0	0	-0.078904	-0.0614372	0
2.49	0	0	0	-0.0795184	-0.0606421	0
2.5	0	0	0	-0.0801169	-0.0598469	0
2.51	0	0	0	-0.0807153	-0.0590397	0
2.52	0	0	0	-0.0812976	-0.0582326	0
2.53	0	0	0	-0.08188	-0.0574138	0
2.54	0	0	0	-0.0824459	-0.056595	0
2.55	0	0	0	-0.0830119	-0.0557648	0
2.56	0	0	0	-0.0835612	-0.0549347	0
2.57	0	0	0	-0.0841106	-0.0540936	0
2.58	0	0	0	-0.0846431	-0.0532525	0
2.59	0	0	0	-0.0851756	-0.0524008	0
2.6	0	0	0	-0.0856911	-0.051549	0
2.61	0	0	0	-0.0862066	-0.0506869	0
2.62	0	0	0	-0.0867048	-0.0498249	0
2.63	0	0	0	-0.0872031	-0.0489528	0
2.64	0	0	0	-0.0876839	-0.0480808	0
2.65	0	0	0	-0.0881647	-0.0471992	0
2.66	0	0	0	-0.0886279	-0.0463175	0
2.67	0	0	0	-0.0890911	-0.0454266	0
2.68	0	0	0	-0.0895364	-0.0445357	0
2.69	0	0	0	-0.0899818	-0.0436359	0
2.7	0	0	0	-0.0904091	-0.0427361	0
2.71	0	0	0	-0.0908365	-0.0418277	0
2.72	0	0	0	-0.0912457	-0.0409193	0
2.73	0	0	0	-0.0916549	-0.0400028	0
2.74	0	0	0	-0.0920457	-0.0390862	0
2.75	0	0	0	-0.0924366	-0.0381619	0
2.76	0	0	0	-0.092809	-0.0372375	0
2.77	0	0	0	-0.0931814	-0.0363057	0
2.78	0	0	0	-0.0935351	-0.0353739	0
2.79	0	0	0	-0.0938888	-0.034435	0
2.8	0	0	0	-0.0942238	-0.0334961	0
2.81	0	0	0	-0.0945588	-0.0325505	0
2.82	0	0	0	-0.0948748	-0.0316049	0
2.83	0	0	0	-0.0951909	-0.030653	0
2.84	0	0	0	-0.0954879	-0.0297011	0
2.85	0	0	0	-0.0957849	-0.0287433	0
2.86	0	0	0	-0.0960627	-0.0277854	0
2.87	0	0	0	-0.0963406	-0.026822	0
2.88	0	0	0	-0.0965992	-0.0258586	0
2.89	0	0	0	-0.0968578	-0.02489	0
2.9	0	0	0	-0.097097	-0.0239214	0
2.91	0	0	0	-0.0973362	-0.0229481	0
2.92	0	0	0	-0.0975559	-0.0219747	0
2.93	0	0	0	-0.0977757	-0.020997	0
2.94	0	0	0	-0.0979759	-0.0200192	0
2.95	0	0	0	-0.0981761	-0.0190374	0
2.96	0	0	0	-0.0983566	-0.0180557	0
2.97	0	0	0	-0.0985372	-0.0170703	0
2.98	0	0	0	-0.098698	-0.0160849	0
2.99	0	0	0	-0.0988589	-0.0150963	0
3	0	0	0	-0.099	-0.0141078	0
3.01	0	0	0	-0.099141	-0.0131163	0
3.02	0	0	0	-0.0992623	-0.0121249	0
3.03	0	0	0	-0.0993835	-0.0111311	0
3.04	0	0	0	-0.0994849	-0.0101373	0
3.05	0	0	0	-0.0995863	-0.0091414	0
3.06	0	0	0	-0.0996677	-0.00814554	0
3.07	0	0	0	-0.0997492	-0.00714805	0
3.08	0	0	0	-0.0998107	-0.00615056	0
3.09	0	0	0	-0.0998722	-0.00515183	0
3.1	0	0	0	-0.0999137	-0.00415311	0
3.11	0	0	0	-0.0999553	-0.00315356	0
3.12	0	0	0	-0.0999768	-0.00215401	0
3.13	0	0	0	-0.0999983	-0.00115402	0
3.14	0	0	0	-0.0999999	-0.000154039	0
3.15	0	0	0	-0.100001	0.000845975	0
3.16	0	0	0	-0.099983	0.00184599	0
3.17	0	0	0	-0.0999645	0.00284563	0
3.18	0	0	0	-0.099926	0.00384528	0
3.19	0	0	0	-0.0998876	0.00484416	0
3.2	0	0	0	-0.0998292	0.00584303	0
3.21	0	0	0	-0.0997707	0.00684074	0
3.22	0	0	0	-0.0996924	0.00783845	0
3.23	0	0	0	-0.099614	0.00883459	0
3.24	0	0	0	-0.0995157	0.00983073	0
3.25	0	0	0	-0.0994174	0.0108249	0
3.26	0	0	0	-0.0992992	0.0118191	0
3.27	0	0	0	-0.099181	0.0128109	0
3.28	0	0	0	-0.0990429	0.0138027	0
3.29	0	0	0	-0.0989049	0.0147917	0
3.3	0	0	0	-0.0987471	0.0157808	0
3.31	0	0	0	-0.0985893	0.0167667	0
3.32	0	0	0	-0.0984118	0.0177526	0
3.33	0	0	0	-0.0982342	0.0187349	0
3.34	0	0	0	-0.0980371	0.0197173	0
3.35	0	0	0	-0.0978399	0.0206957	0
3.36	0	0	0	-0.0976232	0.0216741	0
3.37	0	0	0	-0.0974064	0.0226481	0
3.38	0	0	0	-0.0971702	0.0236222	0
3.39	0	0	0	-0.096934	0.0245915	0
3.4	0	0	0	-0.0966784	0.0255609	0
3.41	0	0	0	-0.0964228	0.0265251	0
3.42	0	0	0	-0.0961479	0.0274893	0
3.43	0	0	0	-0.095873	0.0284481	0
3.44	0	0	0	-0.0955789	0.0294068	0
3.45	0	0	0	-0.0952848	0.0303596	0
3.46	0	0	0	-0.0949717	0.0313125	0
3.47	0	0	0	-0.0946586	0.0322591	0
3.48	0	0	0	-0.0943265	0.0332057	0
3.49	0	0	0	-0.0939945	0.0341456	0
3.5	0	0	0	-0.0936436	0.0350855	0
3.51	0	0	0	-0.0932928	0.0360185	0
3.52	0	0	0	-0.0929233	0.0369514	0
3.53	0	0	0	-0.0925537	0.0378769	0
3.54	0	0	0	-0.0921657	0.0388025	0
3.55	0	0	0	-0.0917777	0.0397202	0
3.56	0	0	0	-0.0913713	0.040638	0
3.57	0	0	0	-0.0909649	0.0415477	0
3.58	0	0	0	-0.0905404	0.0424573	0
3.59	0	0	0	-0.0901158	0.0433585	0
3.6	0	0	0	-0.0896732	0.0442596	0
3.61	0	0	0	-0.0892306	0.0451519	0
3.62	0	0	0	-0.0887701	0.0460442	0
3.63	0	0	0	-0.0883097	0.0469273	0
3.64	0	0	0	-0.0878316	0.0478104	0
3.65	0	0	0	-0.0873535	0.048684	0
3.66	0	0	0	-0.0868579	0.0495575	0
3.67	0	0	0	-0.0863623	0.0504211	0
3.68	0	0	0	-0.0858495	0.0512848	0
3.69	0	0	0	-0.0853367	0.0521381	0
3.7	0	0	0	-0.0848067	0.0529915	0
3.71	0	0	0	-0.0842768	0.0538343	0
3.72	0	0	0	-0.0837301	0.054677	0
3.73	0	0	0	-0.0831833	0.0555089	0
3.74	0	0	0	-0.0826199	0.0563407	0
3.75	0	0	0	-0.0820565	0.0571613	0
3.76	0	0	0	-0.0814766	0.0579818	0
3.77	0	0	0	-0.0808968	0.0587908	0
3.78	0	0	0	-0.0803008	0.0595998	0
3.79	0	0	0	-0.0797048	0.0603968	0
3.8	0	0	0	-0.0790929	0.0611939	0
3.81	0	0	0	-0.078481	0.0619787	0
3.82	0	0	0	-0.0778533	0.0627635	0
3.83	0	0	0	-0.0772257	0.0635357	0
3.84	0	0	0	-0.0765826	0.064308	0
3.85	0	0	0	-0.0759395	0.0650674	0
3.86	0	0	0	-0.0752813	0.0658268	0
3.87	0	0	0	-0.074623	0.066573	0
3.88	0	0	0	-0.0739498	0.0673192	0
3.89	0	0	0	-0.0732766	0.068052	0
3.9	0	0	0	-0.0725888	0.0687848	0
3.91	0	0	0	-0.0719009	0.0695038	0
3.92	0	0	0	-0.0711987	0.0702228	0
3.93	0	0	0	-0.0704965	0.0709278	0
3.94	0	0	0	-0.0697801	0.0716327	0
3.95	0	0	0	-0.0690638	0.0723234	0
3.96	0	0	0	-0.0683337	0.073014	0
3.97	0	0	0	-0.0676035	0.07369	0
3.98	0	0	0	-0.0668599	0.0743661	0
3.99	0	0	0	-0.0661162	0.0750272	0
4	0	0	0	-0.0653593	0.0756884	0
4.01	0	0	0	-0.0646024	0.0763344	0
4.02	0	0	0	-0.0638326	0.0769804	0
4.03	0	0	0	-0.0630628	0.0776111	0
4.04	0	0	0	-0.0622804	0.0782417	0
4.05	0	0	0	-0.061498	0.0788567	0
4.06	0	0	0	-0.0607033	0.0794717	0
4.07	0	0	0	-0.0599086	0.0800707	0
4.08	0	0	0	-0.0591019	0.0806698	0
4.09	0	0	0	-0.0582952	0.0812528	0
4.1	0	0	0	-0.0574768	0.0818357	0
4.11	0	0	0	-0.0566584	0.0824023	0
4.12	0	0	0	-0.0558288	0.0829689	0
4.13	0	0	0	-0.0549991	0.0835189	0
4.14	0	0	0	-0.0541584	0.0840689	0
4.15	0	0	0	-0.0533177	0.0846021	0
4.16	0	0	0	-0.0524663	0.0851352	0
4.17	0	0	0	-0.051615	0.0856514	0
4.18	0	0	0	-0.0507533	0.0861675	0
4.19	0	0	0	-0.0498916	0.0866665	0
4.2	0	0	0	-0.04902	0.0871654	0
4.21	0	0	0	-0.0481483	0.0876469	0
4.22	0	0	0	-0.047267	0.0881283	0
4.23	0	0	0	-0.0463858	0.0885922	0
4.24	0	0	0	-0.0454952	0.089056	0
4.25	0	0	0	-0.0446046	0.0895021	0
4.26	0	0	0	-0.0437052	0.0899481	0
4.27	0	0	0	-0.0428057	0.0903762	0
4.28	0	0	0	-0.0418976	0.0908043	0
4.29	0	0	0	-0.0409896	0.0912142	0
4.3	0	0	0	-0.0400734	0.091624	0
4.31	0	0	0	-0.0391571	0.0920156	0
4.32	0	0	0	-0.038233	0.0924072	0
4.33	0	0	0	-0.037309	0.0927803	0
4.34	0	0	0	-0.0363774	0.0931534	0
4.35	0	0	0	-0.0354459	0.0935078	0
4.36	0	0	0	-0.0345073	0.0938623	0
4.37	0	0	0	-0.0335687	0.094198	0
4.38	0	0	0	-0.0326233	0.0945337	0
4.39	0	0	0	-0.031678	0.0948504	0
4.4	0	0	0	-0.0307263	0.0951672	0
4.41	0	0	0	-0.0297746	0.095465	0
4.42	0	0	0	-0.028817	0.0957627	0
4.43	0	0	0	-0.0278594	0.0960413	0
4.44	0	0	0	-0.0268962	0.0963199	0
4.45	0	0	0	-0.025933	0.0965792	0
4.46	0	0	0	-0.0249646	0.0968386	0
4.47	0	0	0	-0.0239962	0.0970785	0
4.48	0	0	0	-0.023023	0.0973185	0
4.49	0	0	0	-0.0220498	0.097539	0
4.5	0	0	0	-0.0210722	0.0977595	0
4.51	0	0	0	-0.0200947	0.0979604	0
4.52	0	0	0	-0.019113	0.0981614	0
4.53	0	0	0	-0.0181314	0.0983427	0
4.54	0	0	0	-0.0171462	0.098524	0
4.55	0	0	0	-0.0161609	0.0986856	0
4.56	0	0	0	-0.0151725	0.0988472	0
4.57	0	0	0	-0.014184	0.0989891	0
4.58	0	0	0	-0.0131927	0.0991309	0
4.59	0	0	0	-0.0122014	0.0992529	0
4.6	0	0	0	-0.0112076	0.0993749	0
4.61	0	0	0	-0.0102139	0.0994771	0
4.62	0	0	0	-0.00921809	0.0995792	0
4.63	0	0	0	-0.0082223	0.0996614	0
4.64	0	0	0	-0.00722486	0.0997437	0
4.65	0	0	0	-0.00622743	0.0998059	0
4.66	0	0	0	-0.00522875	0.0998682	0
4.67	0	0	0	-0.00423006	0.0999105	0
4.68	0	0	0	-0.00323054	0.0999528	0
4.69	0	0	0	-0.00223101	0.0999751	0
4.7	0	0	0	-0.00123103	0.0999974	0
4.71	0	0	0	-0.000231059	0.0999997	0
4.72	0	0	0	0.000768961	0.100002	0
4.73	0	0	0	0.00176898	0.0999844	0
4.74	0	0	0	0.00276865	0.0999667	0
4.75	0	0	0	0.00376832	0.099929	0
4.76	0	0	0	0.00476723	0.0998913	0
4.77	0	0	0	0.00576614	0.0998336	0
4.78	0	0	0	0.0067639	0.099776	0
4.79	0	0	0	0.00776166	0.0996984	0
4.8	0	0	0	0.00875787	0.0996207	0
4.81	0	0	0	0.00975408	0.0995232	0
4.82	0	0	0	0.0107483	0.0994257	0
4.83	0	0	0	0.0117426	0.0993082	0
4.84	0	0	0	0.0127345	0.0991908	0
4.85	0	0	0	0.0137264	0.0990535	0
4.86	0	0	0	0.0147156	0.0989163	0
4.87	0	0	0	0.0157047	0.0987592	0
4.88	0	0	0	0.0166908	0.0986022	0
4.89	0	0	0	0.0176768	0.0984254	0
4.9	0	0	0	0.0186593	0.0982487	0
4.91	0	0	0	0.0196417	0.0980522	0
4.92	0	0	0	0.0206203	0.0978558	0
4.93	0	0	0	0.0215989	0.0976398	0
4.94	0	0	0	0.0225731	0.0974238	0
4.95	0	0	0	0.0235473	0.0971884	0
4.96	0	0	0	0.0245169	0.0969529	0
4.97	0	0	0	0.0254864	0.096698	0
4.98	0	0	0	0.0264508	0.0964432	0
4.99	0	0	0	0.0274153	0.096169	0
5	0	0	0	0.0283742	0.0958949	0
5.01	0	0	0	0.0293332	0.0956015	0
5.02	0	0	0	0.0302862	0.0953082	0
5.03	0	0	0	0.0312393	0.0949958	0
5.04	0	0	0	0.0321862	0.0946834	0
5.05	0	0	0	0.033133	0.0943521	0
5.06	0	0	0	0.0340732	0.0940207	0
5.07	0	0	0	0.0350134	0.0936706	0
5.08	0	0	0	0.0359466	0.0933205	0
5.09	0	0	0	0.0368798	0.0929517	0
5.1	0	0	0	0.0378056	0.0925829	0
5.11	0	0	0	0.0387315	0.0921956	0
5.12	0	0	0	0.0396496	0.0918083	0
5.13	0	0	0	0.0405676	0.0914026	0
5.14	0	0	0	0.0414776	0.0909969	0
5.15	0	0	0	0.0423876	0.090573	0
5.16	0	0	0	0.0432891	0.0901492	0
5.17	0	0	0	0.0441906	0.0897072	0
5.18	0	0	0	0.0450832	0.0892653	0
5.19	0	0	0	0.0459759	0.0888056	0
5.2	0	0	0	0.0468593	0.0883458	0
5.21	0	0	0	0.0477428	0.0878684	0
5.22	0	0	0	0.0486167	0.087391	0
5.23	0	0	0	0.0494906	0.0868961	0
5.24	0	0	0	0.0503546	0.0864012	0
5.25	0	0	0	0.0512186	0.085889	0
5.26	0	0	0	0.0520724	0.0853768	0
5.27	0	0	0	0.0529262	0.0848475	0
5.28	0	0	0	0.0537693	0.0843183	0
5.29	0	0	0	0.0546125	0.0837721	0
5.3	0	0	0	0.0554448	0.083226	0
5.31	0	0	0	0.056277	0.0826632	0
5.32	0	0	0	0.0570981	0.0821005	0
5.33	0	0	0	0.0579191	0.0815213	0
5.34	0	0	0	0.0587285	0.0809421	0
5.35	0	0	0	0.0595379	0.0803467	0
5.36	0	0	0	0.0603354	0.0797513	0
5.37	0	0	0	0.0611329	0.07914	0
5.38	0	0	0	0.0619182	0.0785287	0
5.39	0	0	0	0.0627035	0.0779016	0
5.4	0	0	0	0.0634762	0.0772746	0
5.41	0	0	0	0.064249	0.0766321	0
5.42	0	0	0	0.0650089	0.0759896	0
5.43	0	0	0	0.0657688	0.0753319	0
5.44	0	0	0	0.0665155	0.0746742	0
5.45	0	0	0	0.0672623	0.0740016	0
5.46	0	0	0	0.0679956	0.073329	0
5.47	0	0	0	0.0687288	0.0726417	0
5.48	0	0	0	0.0694484	0.0719544	0
5.49	0	0	0	0.0701679	0.0712527	0
5.5	0	0	0	0.0708734	0.0705511	0
5.51	0	0	0	0.071579	0.0698353	0
5.52	0	0	0	0.0722702	0.0691195	0
5.53	0	0	0	0.0729613	0.0683899	0
5.54	0	0	0	0.0736379	0.0676603	0
5.55	0	0	0	0.0743146	0.0669171	0
5.56	0	0	0	0.0749763	0.066174	0
5.57	0	0	0	0.075638	0.0654176	0
5.58	0	0	0	0.0762846	0.0646612	0
5.59	0	0	0	0.0769313	0.0638919	0
5.6	0	0	0	0.0775625	0.0631226	0
5.61	0	0	0	0.0781937	0.0623406	0
5.62	0	0	0	0.0788093	0.0615587	0
5.63	0	0	0	0.0794249	0.0607645	0
5.64	0	0	0	0.0800246	0.0599702	0
5.65	0	0	0	0.0806243	0.059164	0
5.66	0	0	0	0.0812079	0.0583577	0
5.67	0	0	0	0.0817914	0.0575398	0
5.68	0	0	0	0.0823587	0.0567219	0
5.69	0	0	0	0.0829259	0.0558926	0
5.7	0	0	0	0.0834765	0.0550634	0
5.71	0	0	0	0.0840271	0.0542231	0
5.72	0	0	0	0.084561	0.0533828	0
5.73	0	0	0	0.0850948	0.0525319	0
5.74	0	0	0	0.0856116	0.0516809	0
5.75	0	0	0	0.0861284	0.0508197	0
5.76	0	0	0	0.086628	0.0499584	0
5.77	0	0	0	0.0871276	0.0490871	0
5.78	0	0	0	0.0876097	0.0482158	0
5.79	0	0	0	0.0880919	0.0473349	0
5.8	0	0	0	0.0885564	0.046454	0
5.81	0	0	0	0.089021	0.0455638	0
5.82	0	0	0	0.0894677	0.0446736	0
5.83	0	0	0	0.0899145	0.0437744	0
5.84	0	0	0	0.0903432	0.0428753	0
5.85	0	0	0	0.090772	0.0419676	0
5.86	0	0	0	0.0911826	0.0410598	0
5.87	0	0	0	0.0915932	0.0401439	0
5.88	0	0	0	0.0919854	0.039228	0
5.89	0	0	0	0.0923777	0.0383042	0
5.9	0	0	0	0.0927515	0.0373804	0
5.91	0	0	0	0.0931253	0.0364492	0
5.92	0	0	0	0.0934805	0.0355179	0
5.93	0	0	0	0.0938357	0.0345796	0
5.94	0	0	0	0.0941721	0.0336412	0
5.95	0	0	0	0.0945085	0.0326961	0
5.96	0	0	0	0.094826	0.031751	0
5.97	0	0	0	0.0951435	0.0307996	0
5.98	0	0	0	0.095442	0.0298482	0
5.99	0	0	0	0.0957405	0.0288907	0
6	0	0	0	0.0960198	0.0279333	0
6.01	0	0	0	0.0962992	0.0269704	0
6.02	0	0	0	0.0965592	0.0260074	0
6.03	0	0	0	0.0968193	0.0250392	0
6.04	0	0	0	0.09706	0.024071	0
6.05	0	0	0	0.0973007	0.023098	0
6.06	0	0	0	0.097522	0.022125	0
6.07	0	0	0	0.0977432	0.0211475	0
6.08	0	0	0	0.0979449	0.0201701	0
6.09	0	0	0	0.0981466	0.0191886	0
6.1	0	0	0	0.0983287	0.0182072	0
6.11	0	0	0	0.0985108	0.0172221	0
6.12	0	0	0	0.0986731	0.0162369	0
6.13	0	0	0	0.0988355	0.0152486	0
6.14	0	0	0	0.0989781	0.0142602	0
6.15	0	0	0	0.0991207	0.013269	0
6.16	0	0	0	0.0992435	0.0122778	0
6.17	0	0	0	0.0993663	0.0112842	0
6.18	0	0	0	0.0994692	0.0102905	0
6.19	0	0	0	0.0995721	0.00929478	0
6.2	0	0	0	0.0996551	0.00829906	0
6.21	0	0	0	0.0997381	0.00730168	0
6.22	0	0	0	0.0998011	0.0063043	0
6.23	0	0	0	0.0998641	0.00530565	0
6.24	0	0	0	0.0999072	0.00430701	0
6.25	0	0	0	0.0999503	0.00330751	0
6.26	0	0	0	0.0999734	0.00230801	0
6.27	0	0	0	0.0999964	0.00130804	0
6.28	0	0	0	0.0999995	0.000308078	0
6.29	0	0	0	0.100003	-0.000691948	0
6.3	0	0	0	0.0999857	-0.00169197	0
6.31	0	0	0	0.0999688	-0.00269166	0
6.32	0	0	0	0.0999319	-0.00369135	0
6.33	0	0	0	0.0998949	-0.0046903	0
6.34	0	0	0	0.099838	-0.00568925	0
6.35	0	0	0	0.0997812	-0.00668706	0
6.36	0	0	0	0.0997043	-0.00768487	0
6.37	0	0	0	0.0996275	-0.00868115	0
6.38	0	0	0	0.0995307	-0.00967742	0
6.39	0	0	0	0.0994339	-0.0106718	0
6.4	0	0	0	0.0993172	-0.0116661	0
6.41	0	0	0	0.0992006	-0.0126581	0
6.42	0	0	0	0.0990641	-0.0136501	0
6.43	0	0	0	0.0989276	-0.0146394	0
6.44	0	0	0	0.0987713	-0.0156287	0
6.45	0	0	0	0.098615	-0.0166148	0
6.46	0	0	0	0.098439	-0.017601	0
6.47	0	0	0	0.098263	-0.0185836	0
6.48	0	0	0	0.0980673	-0.0195662	0
6.49	0	0	0	0.0978717	-0.0205449	0
6.5	0	0	0	0.0976564	-0.0215237	0
6.51	0	0	0	0.0974412	-0.0224981	0
6.52	0	0	0	0.0972065	-0.0234725	0
6.53	0	0	0	0.0969717	-0.0244422	0
6.54	0	0	0	0.0967176	-0.0254119	0
6.55	0	0	0	0.0964635	-0.0263765	0
6.56	0	0	0	0.0961901	-0.0273412	0
6.57	0	0	0	0.0959167	-0.0283004	0
6.58	0	0	0	0.0956241	-0.0292595	0
6.59	0	0	0	0.0953315	-0.0302128	0
6.6	0	0	0	0.0950198	-0.0311661	0
6.61	0	0	0	0.0947082	-0.0321132	0
6.62	0	0	0	0.0943776	-0.0330603	0
6.63	0	0	0	0.094047	-0.0340008	0
6.64	0	0	0	0.0936976	-0.0349413	0
6.65	0	0	0	0.0933481	-0.0358747	0
6.66	0	0	0	0.0929801	-0.0368082	0
6.67	0	0	0	0.092612	-0.0377343	0
6.68	0	0	0	0.0922254	-0.0386605	0
6.69	0	0	0	0.0918388	-0.0395788	0
6.7	0	0	0	0.0914338	-0.0404972	0
6.71	0	0	0	0.0910288	-0.0414075	0
6.72	0	0	0	0.0906056	-0.0423178	0
6.73	0	0	0	0.0901825	-0.0432196	0
6.74	0	0	0	0.0897413	-0.0441215	0
6.75	0	0	0	0.0893	-0.0450145	0
6.76	0	0	0	0.088841	-0.0459075	0
6.77	0	0	0	0.0883819	-0.0467913	0
6.78	0	0	0	0.0879051	-0.0476751	0
6.79	0	0	0	0.0874284	-0.0485494	0
6.8	0	0	0	0.0869341	-0.0494237	0
6.81	0	0	0	0.0864399	-0.0502881	0
6.82	0	0	0	0.0859284	-0.0511525	0
6.83	0	0	0	0.0854169	-0.0520066	0
6.84	0	0	0	0.0848883	-0.0528608	0
6.85	0	0	0	0.0843596	-0.0537044	0
6.86	0	0	0	0.0838142	-0.054548	0
6.87	0	0	0	0.0832687	-0.0553807	0
6.88	0	0	0	0.0827066	-0.0562134	0
6.89	0	0	0	0.0821444	-0.0570348	0
6.9	0	0	0	0.0815659	-0.0578563	0
6.91	0	0	0	0.0809873	-0.0586661	0
6.92	0	0	0	0.0803925	-0.059476	0
6.93	0	0	0	0.0797978	-0.060274	0
6.94	0	0	0	0.0791871	-0.061072	0
6.95	0	0	0	0.0785763	-0.0618577	0
6.96	0	0	0	0.0779499	-0.0626435	0
6.97	0	0	0	0.0773235	-0.0634167	0
6.98	0	0	0	0.0766816	-0.0641899	0
6.99	0	0	0	0.0760397	-0.0649503	0
7	0	0	0	0.0753826	-0.0657107	0
7.01	0	0	0	0.0747255	-0.066458	0
7.02	0	0	0	0.0740534	-0.0672053	0
7.03	0	0	0	0.0733813	-0.0679391	0
7.04	0	0	0	0.0726946	-0.0686729	0
7.05	0	0	0	0.0720079	-0.069393	0
7.06	0	0	0	0.0713068	-0.070113	0
7.07	0	0	0	0.0706056	-0.0708191	0
7.08	0	0	0	0.0698904	-0.0715251	0
7.09	0	0	0	0.0691751	-0.0722169	0
7.1	0	0	0	0.068446	-0.0729086	0
7.11	0	0	0	0.067717	-0.0735858	0
7.12	0	0	0	0.0669743	-0.074263	0
7.13	0	0	0	0.0662317	-0.0749253	0
7.14	0	0	0	0.0654758	-0.0755876	0
7.15	0	0	0	0.0647199	-0.0762348	0
7.16	0	0	0	0.0639511	-0.076882	0
7.17	0	0	0	0.0631823	-0.0775138	0
7.18	0	0	0	0.0624008	-0.0781457	0
7.19	0	0	0	0.0616194	-0.0787619	0
7.2	0	0	0	0.0608256	-0.0793781	0
7.21	0	0	0	0.0600318	-0.0799784	0
7.22	0	0	0	0.059226	-0.0805787	0
7.23	0	0	0	0.0584203	-0.0811629	0
7.24	0	0	0	0.0576028	-0.0817471	0
7.25	0	0	0	0.0567853	-0.082315	0
7.26	0	0	0	0.0559565	-0.0828828	0
7.27	0	0	0	0.0551277	-0.0834341	0
7.28	0	0	0	0.0542878	-0.0839854	0
7.29	0	0	0	0.0534479	-0.0845198	0
7.3	0	0	0	0.0525974	-0.0850543	0
7.31	0	0	0	0.0517469	-0.0855718	0
7.32	0	0	0	0.050886	-0.0860893	0
7.33	0	0	0	0.0500251	-0.0865895	0
7.34	0	0	0	0.0491542	-0.0870898	0
7.35	0	0	0	0.0482833	-0.0875726	0
7.36	0	0	0	0.0474027	-0.0880554	0
7.37	0	0	0	0.0465222	-0.0885206	0
7.38	0	0	0	0.0456323	-0.0889859	0
7.39	0	0	0	0.0447425	-0.0894333	0
7.4	0	0	0	0.0438436	-0.0898807	0
7.41	0	0	0	0.0429448	-0.0903102	0
7.42	0	0	0	0.0420374	-0.0907396	0
7.43	0	0	0	0.04113	-0.0911509	0
7.44	0	0	0	0.0402144	-0.0915622	0
7.45	0	0	0	0.0392988	-0.0919552	0
7.46	0	0	0	0.0383753	-0.0923482	0
7.47	0	0	0	0.0374518	-0.0927227	0
7.48	0	0	0	0.0365209	-0.0930972	0
7.49	0	0	0	0.0355899	-0.0934531	0
7.5	0	0	0	0.0346518	-0.093809	0
7.51	0	0	0	0.0337137	-0.0941462	0
7.52	0	0	0	0.0327689	-0.0944833	0
7.53	0	0	0	0.031824	-0.0948015	0
7.54	0	0	0	0.0308729	-0.0951198	0
7.55	0	0	0	0.0299217	-0.095419	0
7.56	0	0	0	0.0289645	-0.0957182	0
7.57	0	0	0	0.0280073	-0.0959983	0
7.58	0	0	0	0.0270445	-0.0962784	0
7.59	0	0	0	0.0260817	-0.0965392	0
7.6	0	0	0	0.0251137	-0.0968	0
7.61	0	0	0	0.0241457	-0.0970414	0
7.62	0	0	0	0.0231729	-0.0972829	0
7.63	0	0	0	0.0222001	-0.0975049	0
7.64	0	0	0	0.0212228	-0.0977269	0
7.65	0	0	0	0.0202455	-0.0979294	0
7.66	0	0	0	0.0192642	-0.0981318	0
7.67	0	0	0	0.0182829	-0.0983146	0
7.68	0	0	0	0.0172979	-0.0984975	0
7.69	0	0	0	0.0163129	-0.0986606	0
7.7	0	0	0	0.0153247	-0.0988237	0
7.71	0	0	0	0.0143365	-0.0989671	0
7.72	0	0	0	0.0133454	-0.0991105	0
7.73	0	0	0	0.0123543	-0.099234	0
7.74	0	0	0	0.0113607	-0.0993575	0
7.75	0	0	0	0.0103671	-0.0994612	0
7.76	0	0	0	0.00937146	-0.0995649	0
7.77	0	0	0	0.00837581	-0.0996486	0
7.78	0	0	0	0.00737848	-0.0997324	0
7.79	0	0	0	0.00638116	-0.0997962	0
7.8	0	0	0	0.00538256	-0.09986	0
7.81	0	0	0	0.00438396	-0.0999039	0
7.82	0	0	0	0.00338448	-0.0999477	0
7.83	0	0	0	0.00238501	-0.0999716	0
7.84	0	0	0	0.00138505	-0.0999954	0
7.85	0	0	0	0.000385098	-0.0999993	0
7.86	0	0	0	-0.000614933	-0.100003	0
7.87	0	0	0	-0.00161496	-0.099987	0
7.88	0	0	0	-0.00261467	-0.0999708	0
7.89	0	0	0	-0.00361438	-0.0999347	0
7.9	0	0	0	-0.00461337	-0.0998985	0
7.91	0	0	0	-0.00561235	-0.0998424	0
7.92	0	0	0	-0.00661021	-0.0997863	0
7.93	0	0	0	-0.00760808	-0.0997102	0
7.94	0	0	0	-0.00860442	-0.0996341	0
7.95	0	0	0	-0.00960076	-0.0995381	0
7.96	0	0	0	-0.0105952	-0.0994421	0
7.97	0	0	0	-0.0115896	-0.0993262	0
7.98	0	0	0	-0.0125817	-0.0992103	0
7.99	0	0	0	-0.0135738	-0.0990746	0
8	0	0	0	-0.0145632	-0.0989388	0
8.01	0	0	0	-0.0155526	-0.0987833	0
8.02	0	0	0	-0.0165389	-0.0986278	0
8.03	0	0	0	-0.0175251	-0.0984525	0
8.04	0	0	0	-0.0185079	-0.0982773	0
8.05	0	0	0	-0.0194907	-0.0980824	0
8.06	0	0	0	-0.0204696	-0.0978875	0
8.07	0	0	0	-0.0214484	-0.097673	0
8.08	0	0	0	-0.022423	-0.0974585	0
8.09	0	0	0	-0.0233976	-0.0972245	0
8.1	0	0	0	-0.0243675	-0.0969905	0
8.11	0	0	0	-0.0253374	-0.0967372	0
8.12	0	0	0	-0.0263023	-0.0964838	0
8.13	0	0	0	-0.0272671	-0.0962111	0
8.14	0	0	0	-0.0282265	-0.0959385	0
8.15	0	0	0	-0.0291859	-0.0956466	0
8.16	0	0	0	-0.0301394	-0.0953547	0
8.17	0	0	0	-0.031093	-0.0950438	0
8.18	0	0	0	-0.0320403	-0.0947329	0
8.19	0	0	0	-0.0329876	-0.094403	0
8.2	0	0	0	-0.0339283	-0.0940731	0
8.21	0	0	0	-0.0348691	-0.0937244	0
8.22	0	0	0	-0.0358028	-0.0933757	0
8.23	0	0	0	-0.0367366	-0.0930084	0
8.24	0	0	0	-0.037663	-0.092641	0
8.25	0	0	0	-0.0385894	-0.0922551	0
8.26	0	0	0	-0.0395081	-0.0918692	0
8.27	0	0	0	-0.0404268	-0.091465	0
8.28	0	0	0	-0.0413374	-0.0910607	0
8.29	0	0	0	-0.042248	-0.0906382	0
8.3	0	0	0	-0.0431502	-0.0902157	0
8.31	0	0	0	-0.0440523	-0.0897752	0
8.32	0	0	0	-0.0449457	-0.0893347	0
8.33	0	0	0	-0.045839	-0.0888763	0
8.34	0	0	0	-0.0467232	-0.0884179	0
8.35	0	0	0	-0.0476074	-0.0879418	0
8.36	0	0	0	-0.048482	-0.0874658	0
8.37	0	0	0	-0.0493567	-0.0869722	0
8.38	0	0	0	-0.0502215	-0.0864786	0
8.39	0	0	0	-0.0510863	-0.0859678	0
8.4	0	0	0	-0.0519408	-0.0854569	0
8.41	0	0	0	-0.0527954	-0.0849289	0
8.42	0	0	0	-0.0536394	-0.084401	0
8.43	0	0	0	-0.0544834	-0.0838562	0
8.44	0	0	0	-0.0553165	-0.0833113	0
8.45	0	0	0	-0.0561496	-0.0827498	0
8.46	0	0	0	-0.0569715	-0.0821883	0
8.47	0	0	0	-0.0577934	-0.0816104	0
8.48	0	0	0	-0.0586037	-0.0810325	0
8.49	0	0	0	-0.0594141	-0.0804383	0
8.5	0	0	0	-0.0602125	-0.0798442	0
8.51	0	0	0	-0.0610109	-0.0792341	0
8.52	0	0	0	-0.0617972	-0.078624	0
8.53	0	0	0	-0.0625834	-0.0779981	0
8.54	0	0	0	-0.0633571	-0.0773723	0
8.55	0	0	0	-0.0641309	-0.076731	0
8.56	0	0	0	-0.0648918	-0.0760897	0
8.57	0	0	0	-0.0656527	-0.0754331	0
8.58	0	0	0	-0.0664004	-0.0747766	0
8.59	0	0	0	-0.0671482	-0.0741051	0
8.6	0	0	0	-0.0678825	-0.0734337	0
8.61	0	0	0	-0.0686169	-0.0727475	0
8.62	0	0	0	-0.0693375	-0.0720613	0
8.63	0	0	0	-0.0700581	-0.0713607	0
8.64	0	0	0	-0.0707647	-0.0706602	0
8.65	0	0	0	-0.0714713	-0.0699454	0
8.66	0	0	0	-0.0721636	-0.0692307	0
8.67	0	0	0	-0.0728559	-0.0685022	0
8.68	0	0	0	-0.0735336	-0.0677736	0
8.69	0	0	0	-0.0742114	-0.0670315	0
8.7	0	0	0	-0.0748743	-0.0662894	0
8.71	0	0	0	-0.0755372	-0.065534	0
8.72	0	0	0	-0.076185	-0.0647786	0
8.73	0	0	0	-0.0768327	-0.0640103	0
8.74	0	0	0	-0.0774652	-0.063242	0
8.75	0	0	0	-0.0780976	-0.062461	0
8.76	0	0	0	-0.0787144	-0.06168	0
8.77	0	0	0	-0.0793312	-0.0608867	0
8.78	0	0	0	-0.0799321	-0.0600934	0
8.79	0	0	0	-0.0805331	-0.0592881	0
8.8	0	0	0	-0.0811179	-0.0584827	0
8.81	0	0	0	-0.0817027	-0.0576657	0
8.82	0	0	0	-0.0822712	-0.0568487	0
8.83	0	0	0	-0.0828397	-0.0560203	0
8.84	0	0	0	-0.0833916	-0.0551919	0
8.85	0	0	0	-0.0839435	-0.0543525	0
8.86	0	0	0	-0.0844786	-0.053513	0
8.87	0	0	0	-0.0850138	-0.0526629	0
8.88	0	0	0	-0.0855319	-0.0518128	0
8.89	0	0	0	-0.08605	-0.0509523	0
8.9	0	0	0	-0.086551	-0.0500918	0
8.91	0	0	0	-0.0870519	-0.0492212	0
8.92	0	0	0	-0.0875354	-0.0483507	0
8.93	0	0	0	-0.0880189	-0.0474705	0
8.94	0	0	0	-0.0884848	-0.0465903	0
8.95	0	0	0	-0.0889507	-0.0457008	0
8.96	0	0	0	-0.0893988	-0.0448113	0
8.97	0	0	0	-0.0898469	-0.0439129	0
8.98	0	0	0	-0.0902771	-0.0430144	0
8.99	0	0	0	-0.0907072	-0.0421073	0
9	0	0	0	-0.0911192	-0.0412002	0
9.01	0	0	0	-0.0915312	-0.0402849	0
9.02	0	0	0	-0.0919249	-0.0393696	0
9.03	0	0	0	-0.0923186	-0.0384464	0
9.04	0	0	0	-0.0926938	-0.0375232	0
9.05	0	0	0	-0.0930691	-0.0365926	0
9.06	0	0	0	-0.0934257	-0.0356619	0
9.07	0	0	0	-0.0937823	-0.034724	0
9.08	0	0	0	-0.0941202	-0.0337862	0
9.09	0	0	0	-0.094458	-0.0328416	0
9.1	0	0	0	-0.094777	-0.0318971	0
9.11	0	0	0	-0.095096	-0.0309461	0
9.12	0	0	0	-0.0953959	-0.0299951	0
9.13	0	0	0	-0.0956959	-0.0290382	0
9.14	0	0	0	-0.0959767	-0.0280812	0
9.15	0	0	0	-0.0962575	-0.0271186	0
9.16	0	0	0	-0.0965191	-0.0261561	0
9.17	0	0	0	-0.0967806	-0.0251883	0
9.18	0	0	0	-0.0970228	-0.0242205	0
9.19	0	0	0	-0.097265	-0.0232478	0
9.2	0	0	0	-0.0974878	-0.0222752	0
9.21	0	0	0	-0.0977105	-0.0212981	0
9.22	0	0	0	-0.0979137	-0.0203209	0
9.23	0	0	0	-0.0981169	-0.0193398	0
9.24	0	0	0	-0.0983005	-0.0183586	0
9.25	0	0	0	-0.0984841	-0.0173738	0
9.26	0	0	0	-0.098648	-0.0163889	0
9.27	0	0	0	-0.0988119	-0.0154008	0
9.28	0	0	0	-0.098956	-0.0144127	0
9.29	0	0	0	-0.0991002	-0.0134217	0
9.3	0	0	0	-0.0992245	-0.0124307	0
9.31	0	0	0	-0.0993488	-0.0114372	0
9.32	0	0	0	-0.0994532	-0.0104437	0
9.33	0	0	0	-0.0995576	-0.00944813	0
9.34	0	0	0	-0.0996422	-0.00845256	0
9.35	0	0	0	-0.0997267	-0.00745529	0
9.36	0	0	0	-0.0997913	-0.00645802	0
9.37	0	0	0	-0.0998559	-0.00545946	0
9.38	0	0	0	-0.0999005	-0.0044609	0
9.39	0	0	0	-0.0999451	-0.00346145	0
9.4	0	0	0	-0.0999697	-0.002462	0
9.41	0	0	0	-0.0999943	-0.00146206	0
9.42	0	0	0	-0.0999989	-0.000462117	0
9.43	0	0	0	-0.100004	0.000537919	0
9.44	0	0	0	-0.0999882	0.00153795	0
9.45	0	0	0	-0.0999728	0.00253768	0
9.46	0	0	0	-0.0999374	0.00353741	0
9.47	0	0	0	-0.099902	0.00453643	0
9.48	0	0	0	-0.0998467	0.00553545	0
9.49	0	0	0	-0.0997913	0.00653336	0
9.5	0	0	0	-0.099716	0.00753128	0
9.51	0	0	0	-0.0996407	0.00852768	0
9.52	0	0	0	-0.0995455	0.00952409	0
9.53	0	0	0	-0.0994502	0.0105186	0
9.54	0	0	0	-0.0993351	0.0115131	0
9.55	0	0	0	-0.09922	0.0125053	0
9.56	0	0	0	-0.099085	0.0134975	0
9.57	0	0	0	-0.09895	0.014487	0
9.58	0	0	0	-0.0987953	0.0154765	0
9.59	0	0	0	-0.0986405	0.0164629	0
9.6	0	0	0	-0.098466	0.0174493	0
9.61	0	0	0	-0.0982915	0.0184322	0
9.62	0	0	0	-0.0980974	0.0194151	0
9.63	0	0	0	-0.0979032	0.0203942	0
9.64	0	0	0	-0.0976895	0.0213732	0
9.65	0	0	0	-0.0974757	0.022348	0
9.66	0	0	0	-0.0972425	0.0233227	0
9.67	0	0	0	-0.0970093	0.0242928	0
9.68	0	0	0	-0.0967567	0.0252629	0
9.69	0	0	0	-0.096504	0.0262279	0
9.7	0	0	0	-0.0962321	0.027193	0
9.71	0	0	0	-0.0959602	0.0281526	0
9.72	0	0	0	-0.095669	0.0291122	0
9.73	0	0	0	-0.0953779	0.030066	0
9.74	0	0	0	-0.0950677	0.0310197	0
9.75	0	0	0	-0.0947575	0.0319673	0
9.76	0	0	0	-0.0944284	0.0329149	0
9.77	0	0	0	-0.0940992	0.0338559	0
9.78	0	0	0	-0.0937513	0.0347969	0
9.79	0	0	0	-0.0934033	0.0357309	0
9.8	0	0	0	-0.0930366	0.0366649	0
9.81	0	0	0	-0.09267	0.0375916	0
9.82	0	0	0	-0.0922848	0.0385183	0
9.83	0	0	0	-0.0918996	0.0394373	0
9.84	0	0	0	-0.0914961	0.0403563	0
9.85	0	0	0	-0.0910925	0.0412673	0
9.86	0	0	0	-0.0906707	0.0421782	0
9.87	0	0	0	-0.0902489	0.0430807	0
9.88	0	0	0	-0.0898091	0.0439832	0
9.89	0	0	0	-0.0893693	0.0448769	0
9.9	0	0	0	-0.0889116	0.0457705	0
9.91	0	0	0	-0.0884539	0.0466551	0
9.92	0	0	0	-0.0879785	0.0475396	0
9.93	0	0	0	-0.0875031	0.0484147	0
9.94	0	0	0	-0.0870102	0.0492897	0
9.95	0	0	0	-0.0865173	0.0501549	0
9.96	0	0	0	-0.0860071	0.05102	0
9.97	0	0	0	-0.0854969	0.051875	0
9.98	0	0	0	-0.0849696	0.05273	0
9.99	0	0	0	-0.0844423	0.0535744	0
10	0	0	0	-0.0838981	0.0544188	0
10.01	0	0	0	-0.0833539	0.0552524	0
